path_to_goal: ['14+', '45-', '45+', '23+', '25-', '25+', '23-', '23+']
cost_of_path: 8
nodes_expanded: 135
nodes_explored: 2121
search_depth: 8
max_search_depth: 10
running_time: 1.2117429999999998
max_ram_usage: 28.89453125