path_to_goal: ['12-', '23-', '45-', '12+', '45-', '12+', '13+', '23-', '13+']
cost_of_path: 9
nodes_expanded: 383193
nodes_explored: 858881
search_depth: 9
max_search_depth: 10
running_time: 16.171450999999998
max_ram_usage: 511.12890625