path_to_goal: ['45-', '12+', '24-', '45-', '45-', '13+', '24+', '24-', '12+', '12+']
cost_of_path: 10
nodes_expanded: 233286
nodes_explored: 233347
search_depth: 10
max_search_depth: 10
running_time: 8.097979
max_ram_usage: 99.10546875