initial_state: [17,26,20,19,31]
path_to_goal: ['45+', '45-', '45-', '23-', '34+', '24+', '13+', '45+']
cost_of_path: 8
nodes_expanded: 71561
nodes_explored: 179538
search_depth: 8
max_search_depth: 9
running_time: 25.680213
max_ram_usage: 149.203125