initial_state: [17,26,20,19,31]
path_to_goal: ['25-', '23+', '23-', '25+', '45-', '45+', '34+', '12+']
cost_of_path: 8
nodes_expanded: 128
nodes_explored: 2170
search_depth: 8
max_search_depth: 12
running_time: 1.2493969999999999
max_ram_usage: 29.47265625